Vector - Character(ascii)  Frequency

        T(84)	6817
        h(104)	163026
        e(101)	312973
         (32)	514907
        P(80)	6519
        r(114)	145371
        o(111)	191244
        j(106)	2266
        c(99)	59519
        t(116)	219589
        G(71)	1303
        u(117)	65180
        n(110)	180560
        b(98)	31053
        g(103)	50023
        E(69)	2259
        B(66)	3606
        k(107)	19230
        f(102)	52950
        W(87)	2888
        a(97)	199232
        d(100)	116272
        ,(44)	39891
        y(121)	45000
        L(76)	713
        l(108)	95814
        s(115)	159907
        (13)	65007
        (10)	65007
        i(105)	166351
        w(119)	56319
        m(109)	58395
        v(118)	25970
        .(46)	30806
        Y(89)	1265
        p(112)	39014
        -(45)	6308
        :(58)	1014
        A(65)	6574
        M(77)	3251
        D(68)	2017
        J(74)	308
        1(49)	392
        0(48)	179
        2(50)	147
        9(57)	35
        [(91)	1
        #(35)	1
        6(54)	57
        ](93)	1
        U(85)	254
        5(53)	55
        3(51)	61
        *(42)	300
        S(83)	2986
        R(82)	3057
        O(79)	1635
        F(70)	1946
        H(72)	4378
        I(73)	7931
        C(67)	2105
        N(78)	3614
        K(75)	1201
        V(86)	1116
        /(47)	29
        8(56)	193
        X(88)	673
        7(55)	40
        "(34)	17970
        '(39)	7530
        !(33)	3924
        ?(63)	3136
        ;(59)	1145
        x(120)	3711
        ((40)	670
        )(41)	670
        z(122)	2280
        q(113)	2295
        Q(81)	35
        ê(234)	11
        à(224)	4
        Z(90)	108
        4(52)	23
        é(233)	1
        ä(228)	1
        =(61)	2
        %(37)	1
        @(64)	2
        $(36)	2
